00010011100111000000000000000001 // --- START OF CLUSTER (inputs/BIOS.cm)
00010011100111000000000000000001
00010011100111000000000000000001
00010011100111000000000000000001
00010011100111000000000000000001
00010011100111000000000000000001
00010011100111000000000000000001
00010011100111000000000000000001
00010011100111000000000000000001
00010011100111000000000000000001
00010011100111000000000000000001
00010011100111000000000000000001
00010011100111000000000000000001
00010011100111000000000000000001
00010011100111000000000000000001
00010011100111000000000000000001
00010011100111000000000000000001
00010011100111000000000000000001
00010011100111000000000000000001
00010011100111000000000000000001
00010011100111000000000000000001
00010011100111000000000000000001
00010011100111000000000000000001
00010011100111000000000000000001
00010011100111000000000000000001
00010011100111000000000000000001
00010011100111000000000000000001
00010011100111000000000000000001
00010011100111000000000000000001
00010011100111000000000000000001
00010011100111000000000000000001
00010011100111000000000000000001
10000000000000000000000000100001
00010011110111100000000000000001
00010011110111100000000000000001
00010011110111100000000000000001
00010011110111100000000000000001
00010011110111100000000000000001
00010011110111100000000000000001
00010011110111100000000000000001
00001100000000010000000000100000
00001011100000010000000000000000
00001100000000010000000000100001
00001011100000010000000000000001
00001100000000010000000000100101
00001011100000010000000000000010
00001100000000010000000000101101
00001011100000010000000000000011
00001100000000010000000000111010
00001011100000010000000000000100
00001100000000010000000000111110
00001011100000010000000000000101
00001100000000010000000001000001
00001011100000010000000000000110
00001100000000010000000001000010
00001011100000010000000000000111
00001100000000010000000001000011
00001011100000010000000000001000
00001100000000010000000001000100
00001011100000010000000000001001
00001100000000010000000001000101
00001011100000010000000000001010
00001100000000010000000001000110
00001011100000010000000000001011
00001100000000010000000001000111
00001011100000010000000000001100
00001100000000010000000001001000
00001011100000010000000000001101
00001100000000010000000001001001
00001011100000010000000000001110
00001100000000010000000001001010
00001011100000010000000000001111
00001100000000010000000001001011
00001011100000010000000000010000
00001100000000010000000001001100
00001011100000010000000000010001
00001100000000010000000001001101
00001011100000010000000000010010
00001100000000010000000001001110
00001011100000010000000000010011
00001100000000010000000001001111
00001011100000010000000000010100
00001100000000010000000001010000
00001011100000010000000000010101
00001100000000010000000001010001
00001011100000010000000000010110
00001100000000010000000001010010
00001011100000010000000000010111
00001100000000010000000001010011
00001011100000010000000000011000
00001100000000010000000001010100
00001011100000010000000000011001
00001100000000010000000001010101
00001011100000010000000000011010
00001100000000010000000001010110
00001011100000010000000000011011
00001100000000010000000001010111
00001011100000010000000000011100
00001100000000010000000001011000
00001011100000010000000000011101
00001100000000010000000001011001
00001011100000010000000000011110
00001100000000010000000001011010
00001011100000010000000000011111
00000111100001100000000000000000
00000111100001110000000000000101
00000111100010000000000000000111
00000111100010010000000000001110
00000111100010100000000000010100
00000111100010110000000000011000
00000111100011000000000000000100
00000111100011010000000000000000
00000111100011100000000000011000
00000111100011110000000000011110
00000111100100000000000000011000
00000111100100010000000000000000
00000111100100100000000000010001
00000111100100110000000000001000
00000111100101000000000000010000
00000111100101010000000000001001
00001100000101100000000000000000
00000000110101100000000000111111
00000000111101100000000000111111
00000001000101100000000000111111
00000001001101100000000000111111
00000001010101100000000000111111
00000001011101100000000000111111
00000001100101100000000000111111
00000001101101100000000000111111
00000001110101100000000000111111
00000001111101100000000000111111
00000010000101100000000000111111
00000010001101100000000000111111
00000010010101100000000000111111
00000010011101100000000000111111
00000010100101100000000000111111
00000010101101100000000000111111
00000111100001100000000000000000
00000111100001110000000000001110
00000111100010000000000000010011
00000111100010010000000000011000
00000111100010100000000000001010
00000111100010110000000000010111
00000111100011000000000000011001
00000111100011010000000000000000
00000111100011100000000000010101
00000111100011110000000000000110
00000111100100000000000000011000
00000111100100010000000000011000
00000111100100100000000000011100
00000111100100110000000000010100
00000111100101000000000000010111
00000111100101010000000000001001
00001100000101100000000000000001
00000000110101100000000000111111
00000000111101100000000000111111
00000001000101100000000000111111
00000001001101100000000000111111
00000001010101100000000000111111
00000001011101100000000000111111
00000001100101100000000000111111
00000001101101100000000000111111
00000001110101100000000000111111
00000001111101100000000000111111
00000010000101100000000000111111
00000010001101100000000000111111
00000010010101100000000000111111
00000010011101100000000000111111
00000010100101100000000000111111
00000010101101100000000000111111
00001100000000010000000000000000
00001011101000010000000000000000
00001100000001100000000000000000
00001100000001110000000000000011
00000000110001110010000000010110
00000000100000000011000000000011
00001011101001100000000000000001
00001100000001100000000000000000
00001100000001110000000000000100
00000000110001110010000000010110
00000000100000000011000000000011
00001011101001100000000000000010
00000111101001100000000000000001
01000000110001110000000000000000
00110000111000000000000011001000
00000000000000000001100000000001
00000000011000000011000000000011
00001011101001100000000000000000
00000111101001100000000000000000
00000111101001110000000000000010
00000000110001110100000000010000
00110001000000000000000011000111
00001100000000010000000000000001
00001011101000010000000000000001
00000111101001100000000000000001
00001100000001110000000000000000
00001100000010000000000000000011
00000000111010000100000000000100
00000000110010000000000000010111
10000000000000000000000010110110
00000111100001100000000000000000
00000111100001110000000000000101
00000111100010000000000000000111
00000111100010010000000000001110
00000111100010100000000000010100
00000111100010110000000000011000
00000111100011000000000000000100
00000111100011010000000000000000
00000111100011100000000000010001
00000111100011110000000000010100
00000111100100000000000000000110
00000111100100010000000000001001
00000111100100100000000000001110
00000111100100110000000000010011
00000111100101000000000000001100
00000111100101010000000000000000
00001100000101100000000000000000
00000000110101100000000000111111
00000000111101100000000000111111
00000001000101100000000000111111
00000001001101100000000000111111
00000001010101100000000000111111
00000001011101100000000000111111
00000001100101100000000000111111
00000001101101100000000000111111
00000001110101100000000000111111
00000001111101100000000000111111
00000010000101100000000000111111
00000010001101100000000000111111
00000010010101100000000000111111
00000010011101100000000000111111
00000010100101100000000000111111
00000010101101100000000000111111
00000111100001100000000000000000
00000111100001110000000000000011
00000111100010000000000000000000
00000111100010010000000000000000
00000111100010100000000000000000
00000111100010110000000000000000
00000111100011000000000000000000
00000111100011010000000000000000
00000111100011100000000000000000
00000111100011110000000000000000
00000111100100000000000000000000
00000111100100010000000000000000
00000111100100100000000000000000
00000111100100110000000000000011
00000111100101000000000000000010
00000111100101010000000000000000
00001100000101100000000000000001
00000000110101100000000000111111
00000000111101100000000000111111
00000001000101100000000000111111
00000001001101100000000000111111
00000001010101100000000000111111
00000001011101100000000000111111
00000001100101100000000000111111
00000001101101100000000000111111
00000001110101100000000000111111
00000001111101100000000000111111
00000010000101100000000000111111
00000010001101100000000000111111
00000010010101100000000000111111
00000010011101100000000000111111
00000010100101100000000000111111
00000010101101100000000000111111
00001100000000010000000000001011
00001011101000010000000000000100
00001100000000010000000000000000
00001011101000010000000000000110
00001100000001100000000000000000
00001100000001110000000000000101
00000000110001110010000000010110
00000000100000000011000000000011
00001011101001100000000000000011
00000111101001100000000000000110
00000111101001110000000000000011
00000000110001110100000000010011
00110001000000000000001010111000
00000111101001100000000000000110
00001100000001110000000000000110
00000111101010000000000000000110
00000000111010000100000000000100
00000000110010000000000000011000
00000111101001100000000000000110
00010000110001110000000000000001
00001011101001110000000000000110
00000111101001100000000000000110
00000111101001110000000000000100
00000000110001110100000000000110
00000111101001100000000000000011
00000001000001100011100000000111
00001011101001110000000000000101
00000111101001100000000000000101
00000111101001110000000000000100
00000000110001110100000000010010
00110001000000000000000100101011
00000111101001100000000000000100
00001011101001100000000000000101
00000111101001100000000000000101
01000000110001110000000000000000
00110000111000000000000101001111
00000111100001100000000000000000
00000111100001110000000000000011
00000111100010000000000000000011
00000111100010010000000000000000
00000111100010100000000000000000
00000111100010110000000000000000
00000111100011000000000000000000
00000111100011010000000000000000
00000111100011100000000000000000
00000111100011110000000000000000
00000111100100000000000000000000
00000111100100010000000000000000
00000111100100100000000000000000
00000111100100110000000000000011
00000111100101000000000000000010
00000111100101010000000000000000
00001100000101100000000000000001
00000000110101100000000000111111
00000000111101100000000000111111
00000001000101100000000000111111
00000001001101100000000000111111
00000001010101100000000000111111
00000001011101100000000000111111
00000001100101100000000000111111
00000001101101100000000000111111
00000001110101100000000000111111
00000001111101100000000000111111
00000010000101100000000000111111
00000010001101100000000000111111
00000010010101100000000000111111
00000010011101100000000000111111
00000010100101100000000000111111
00000010101101100000000000111111
00000111101001100000000000000101
01000000110001110000000000000001
00110000111000000000000101110011
00000111100001100000000000000000
00000111100001110000000000000011
00000111100010000000000000000011
00000111100010010000000000000011
00000111100010100000000000000000
00000111100010110000000000000000
00000111100011000000000000000000
00000111100011010000000000000000
00000111100011100000000000000000
00000111100011110000000000000000
00000111100100000000000000000000
00000111100100010000000000000000
00000111100100100000000000000000
00000111100100110000000000000011
00000111100101000000000000000010
00000111100101010000000000000000
00001100000101100000000000000001
00000000110101100000000000111111
00000000111101100000000000111111
00000001000101100000000000111111
00000001001101100000000000111111
00000001010101100000000000111111
00000001011101100000000000111111
00000001100101100000000000111111
00000001101101100000000000111111
00000001110101100000000000111111
00000001111101100000000000111111
00000010000101100000000000111111
00000010001101100000000000111111
00000010010101100000000000111111
00000010011101100000000000111111
00000010100101100000000000111111
00000010101101100000000000111111
00000111101001100000000000000101
01000000110001110000000000000010
00110000111000000000000110010111
00000111100001100000000000000000
00000111100001110000000000000011
00000111100010000000000000000011
00000111100010010000000000000011
00000111100010100000000000000011
00000111100010110000000000000000
00000111100011000000000000000000
00000111100011010000000000000000
00000111100011100000000000000000
00000111100011110000000000000000
00000111100100000000000000000000
00000111100100010000000000000000
00000111100100100000000000000000
00000111100100110000000000000011
00000111100101000000000000000010
00000111100101010000000000000000
00001100000101100000000000000001
00000000110101100000000000111111
00000000111101100000000000111111
00000001000101100000000000111111
00000001001101100000000000111111
00000001010101100000000000111111
00000001011101100000000000111111
00000001100101100000000000111111
00000001101101100000000000111111
00000001110101100000000000111111
00000001111101100000000000111111
00000010000101100000000000111111
00000010001101100000000000111111
00000010010101100000000000111111
00000010011101100000000000111111
00000010100101100000000000111111
00000010101101100000000000111111
00000111101001100000000000000101
01000000110001110000000000000011
00110000111000000000000110111011
00000111100001100000000000000000
00000111100001110000000000000011
00000111100010000000000000000011
00000111100010010000000000000011
00000111100010100000000000000011
00000111100010110000000000000011
00000111100011000000000000000000
00000111100011010000000000000000
00000111100011100000000000000000
00000111100011110000000000000000
00000111100100000000000000000000
00000111100100010000000000000000
00000111100100100000000000000000
00000111100100110000000000000011
00000111100101000000000000000010
00000111100101010000000000000000
00001100000101100000000000000001
00000000110101100000000000111111
00000000111101100000000000111111
00000001000101100000000000111111
00000001001101100000000000111111
00000001010101100000000000111111
00000001011101100000000000111111
00000001100101100000000000111111
00000001101101100000000000111111
00000001110101100000000000111111
00000001111101100000000000111111
00000010000101100000000000111111
00000010001101100000000000111111
00000010010101100000000000111111
00000010011101100000000000111111
00000010100101100000000000111111
00000010101101100000000000111111
00000111101001100000000000000101
01000000110001110000000000000100
00110000111000000000000111011111
00000111100001100000000000000000
00000111100001110000000000000011
00000111100010000000000000000011
00000111100010010000000000000011
00000111100010100000000000000011
00000111100010110000000000000011
00000111100011000000000000000011
00000111100011010000000000000000
00000111100011100000000000000000
00000111100011110000000000000000
00000111100100000000000000000000
00000111100100010000000000000000
00000111100100100000000000000000
00000111100100110000000000000011
00000111100101000000000000000010
00000111100101010000000000000000
00001100000101100000000000000001
00000000110101100000000000111111
00000000111101100000000000111111
00000001000101100000000000111111
00000001001101100000000000111111
00000001010101100000000000111111
00000001011101100000000000111111
00000001100101100000000000111111
00000001101101100000000000111111
00000001110101100000000000111111
00000001111101100000000000111111
00000010000101100000000000111111
00000010001101100000000000111111
00000010010101100000000000111111
00000010011101100000000000111111
00000010100101100000000000111111
00000010101101100000000000111111
00000111101001100000000000000101
01000000110001110000000000000101
00110000111000000000001000000011
00000111100001100000000000000000
00000111100001110000000000000011
00000111100010000000000000000011
00000111100010010000000000000011
00000111100010100000000000000011
00000111100010110000000000000011
00000111100011000000000000000011
00000111100011010000000000000011
00000111100011100000000000000000
00000111100011110000000000000000
00000111100100000000000000000000
00000111100100010000000000000000
00000111100100100000000000000000
00000111100100110000000000000011
00000111100101000000000000000010
00000111100101010000000000000000
00001100000101100000000000000001
00000000110101100000000000111111
00000000111101100000000000111111
00000001000101100000000000111111
00000001001101100000000000111111
00000001010101100000000000111111
00000001011101100000000000111111
00000001100101100000000000111111
00000001101101100000000000111111
00000001110101100000000000111111
00000001111101100000000000111111
00000010000101100000000000111111
00000010001101100000000000111111
00000010010101100000000000111111
00000010011101100000000000111111
00000010100101100000000000111111
00000010101101100000000000111111
00000111101001100000000000000101
01000000110001110000000000000110
00110000111000000000001000100111
00000111100001100000000000000000
00000111100001110000000000000011
00000111100010000000000000000011
00000111100010010000000000000011
00000111100010100000000000000011
00000111100010110000000000000011
00000111100011000000000000000011
00000111100011010000000000000011
00000111100011100000000000000011
00000111100011110000000000000000
00000111100100000000000000000000
00000111100100010000000000000000
00000111100100100000000000000000
00000111100100110000000000000011
00000111100101000000000000000010
00000111100101010000000000000000
00001100000101100000000000000001
00000000110101100000000000111111
00000000111101100000000000111111
00000001000101100000000000111111
00000001001101100000000000111111
00000001010101100000000000111111
00000001011101100000000000111111
00000001100101100000000000111111
00000001101101100000000000111111
00000001110101100000000000111111
00000001111101100000000000111111
00000010000101100000000000111111
00000010001101100000000000111111
00000010010101100000000000111111
00000010011101100000000000111111
00000010100101100000000000111111
00000010101101100000000000111111
00000111101001100000000000000101
01000000110001110000000000000111
00110000111000000000001001001011
00000111100001100000000000000000
00000111100001110000000000000011
00000111100010000000000000000011
00000111100010010000000000000011
00000111100010100000000000000011
00000111100010110000000000000011
00000111100011000000000000000011
00000111100011010000000000000011
00000111100011100000000000000011
00000111100011110000000000000011
00000111100100000000000000000000
00000111100100010000000000000000
00000111100100100000000000000000
00000111100100110000000000000011
00000111100101000000000000000010
00000111100101010000000000000000
00001100000101100000000000000001
00000000110101100000000000111111
00000000111101100000000000111111
00000001000101100000000000111111
00000001001101100000000000111111
00000001010101100000000000111111
00000001011101100000000000111111
00000001100101100000000000111111
00000001101101100000000000111111
00000001110101100000000000111111
00000001111101100000000000111111
00000010000101100000000000111111
00000010001101100000000000111111
00000010010101100000000000111111
00000010011101100000000000111111
00000010100101100000000000111111
00000010101101100000000000111111
00000111101001100000000000000101
01000000110001110000000000001000
00110000111000000000001001101111
00000111100001100000000000000000
00000111100001110000000000000011
00000111100010000000000000000011
00000111100010010000000000000011
00000111100010100000000000000011
00000111100010110000000000000011
00000111100011000000000000000011
00000111100011010000000000000011
00000111100011100000000000000011
00000111100011110000000000000011
00000111100100000000000000000011
00000111100100010000000000000000
00000111100100100000000000000000
00000111100100110000000000000011
00000111100101000000000000000010
00000111100101010000000000000000
00001100000101100000000000000001
00000000110101100000000000111111
00000000111101100000000000111111
00000001000101100000000000111111
00000001001101100000000000111111
00000001010101100000000000111111
00000001011101100000000000111111
00000001100101100000000000111111
00000001101101100000000000111111
00000001110101100000000000111111
00000001111101100000000000111111
00000010000101100000000000111111
00000010001101100000000000111111
00000010010101100000000000111111
00000010011101100000000000111111
00000010100101100000000000111111
00000010101101100000000000111111
00000111101001100000000000000101
01000000110001110000000000001001
00110000111000000000001010010011
00000111100001100000000000000000
00000111100001110000000000000011
00000111100010000000000000000011
00000111100010010000000000000011
00000111100010100000000000000011
00000111100010110000000000000011
00000111100011000000000000000011
00000111100011010000000000000011
00000111100011100000000000000011
00000111100011110000000000000011
00000111100100000000000000000011
00000111100100010000000000000011
00000111100100100000000000000000
00000111100100110000000000000011
00000111100101000000000000000010
00000111100101010000000000000000
00001100000101100000000000000001
00000000110101100000000000111111
00000000111101100000000000111111
00000001000101100000000000111111
00000001001101100000000000111111
00000001010101100000000000111111
00000001011101100000000000111111
00000001100101100000000000111111
00000001101101100000000000111111
00000001110101100000000000111111
00000001111101100000000000111111
00000010000101100000000000111111
00000010001101100000000000111111
00000010010101100000000000111111
00000010011101100000000000111111
00000010100101100000000000111111
00000010101101100000000000111111
00000111101001100000000000000101
01000000110001110000000000001010
00110000111000000000001010110111
00000111100001100000000000000000
00000111100001110000000000000011
00000111100010000000000000000011
00000111100010010000000000000011
00000111100010100000000000000011
00000111100010110000000000000011
00000111100011000000000000000011
00000111100011010000000000000011
00000111100011100000000000000011
00000111100011110000000000000011
00000111100100000000000000000011
00000111100100010000000000000011
00000111100100100000000000000011
00000111100100110000000000000011
00000111100101000000000000000010
00000111100101010000000000000000
00001100000101100000000000000001
00000000110101100000000000111111
00000000111101100000000000111111
00000001000101100000000000111111
00000001001101100000000000111111
00000001010101100000000000111111
00000001011101100000000000111111
00000001100101100000000000111111
00000001101101100000000000111111
00000001110101100000000000111111
00000001111101100000000000111111
00000010000101100000000000111111
00000010001101100000000000111111
00000010010101100000000000111111
00000010011101100000000000111111
00000010100101100000000000111111
00000010101101100000000000111111
10000000000000000000000100010011
00000111100001100000000000000000
00000111100001110000000000000101
00000111100010000000000000000111
00000111100010010000000000001110
00000111100010100000000000010100
00000111100010110000000000011000
00000111100011000000000000000100
00000111100011010000000000000000
00000111100011100000000000001000
00000111100011110000000000010100
00000111100100000000000000010010
00000111100100010000000000010101
00000111100100100000000000010001
00000111100100110000000000001010
00000111100101000000000000011001
00000111100101010000000000001010
00001100000101100000000000000000
00000000110101100000000000111111
00000000111101100000000000111111
00000001000101100000000000111111
00000001001101100000000000111111
00000001010101100000000000111111
00000001011101100000000000111111
00000001100101100000000000111111
00000001101101100000000000111111
00000001110101100000000000111111
00000001111101100000000000111111
00000010000101100000000000111111
00000010001101100000000000111111
00000010010101100000000000111111
00000010011101100000000000111111
00000010100101100000000000111111
00000010101101100000000000111111
00000111100001100000000000000000
00000111100001110000000000000000
00000111100010000000000000000000
00000111100010010000000000000000
00000111100010100000000000011100
00000111100010110000000000001010
00000111100011000000000000010001
00000111100011010000000000001000
00000111100011100000000000010100
00000111100011110000000000010010
00000111100100000000000000001010
00000111100100010000000000000001
00000111100100100000000000000000
00000111100100110000000000000000
00000111100101000000000000000000
00000111100101010000000000000000
00001100000101100000000000000001
00000000110101100000000000111111
00000000111101100000000000111111
00000001000101100000000000111111
00000001001101100000000000111111
00000001010101100000000000111111
00000001011101100000000000111111
00000001100101100000000000111111
00000001101101100000000000111111
00000001110101100000000000111111
00000001111101100000000000111111
00000010000101100000000000111111
00000010001101100000000000111111
00000010010101100000000000111111
00000010011101100000000000111111
00000010100101100000000000111111
00000010101101100000000000111111
11111100000000000000000000000000 // Halt
10001100000000000000000000000000 // Biosim = 0
00000000000000000000000000000000
00000000000000000000000000000000
00000000000000000000000000000000
00000000000000000000000000000000
00000000000000000000000000000000
00000000000000000000000000000000
00000000000000000000000000000000
00000000000000000000000000000000
00000000000000000000000000000000
00000000000000000000000000000000
00000000000000000000000000000000
00000000000000000000000000000000
00000000000000000000000000000000
00000000000000000000000000000000
00000000000000000000000000000000
00000000000000000000000000000000
00000000000000000000000000000000
00000000000000000000000000000000
00000000000000000000000000000000
00000000000000000000000000000000
00000000000000000000000000000000
00000000000000000000000000000000
00000000000000000000000000000000
00000000000000000000000000000000
00000000000000000000000000000000
00000000000000000000000000000000
00000000000000000000000000000000
00000000000000000000000000000000
00000000000000000000000000000000
00000000000000000000000000000000
00000000000000000000000000000000
00000000000000000000000000000000
00000000000000000000000000000000
00000000000000000000000000000000
00000000000000000000000000000000
00000000000000000000000000000000
00000000000000000000000000000000
00000000000000000000000000000000
00000000000000000000000000000000
00000000000000000000000000000000
00000000000000000000000000000000
00000000000000000000000000000000
00000000000000000000000000000000
00000000000000000000000000000000
00000000000000000000000000000000
00000000000000000000000000000000
00000000000000000000000000000000
00000000000000000000000000000000
00000000000000000000000000000000
00000000000000000000000000000000
00000000000000000000000000000000
00000000000000000000000000000000
00000000000000000000000000000000
00000000000000000000000000000000
00000000000000000000000000000000
00000000000000000000000000000000
00000000000000000000000000000000
00000000000000000000000000000000
00000000000000000000000000000000
00000000000000000000000000000000
00000000000000000000000000000000
00000000000000000000000000000000
00000000000000000000000000000000
00000000000000000000000000000000
00000000000000000000000000000000
00000000000000000000000000000000
00000000000000000000000000000000
00000000000000000000000000000000
00000000000000000000000000000000
00000000000000000000000000000000
00000000000000000000000000000000
00000000000000000000000000000000
00000000000000000000000000000000
00000000000000000000000000000000
00000000000000000000000000000000
00000000000000000000000000000000
00000000000000000000000000000000
00000000000000000000000000000000
00000000000000000000000000000000
00000000000000000000000000000000
00000000000000000000000000000000
00000000000000000000000000000000
00000000000000000000000000000000
00000000000000000000000000000000
00000000000000000000000000000000
00000000000000000000000000000000
00000000000000000000000000000000
00000000000000000000000000000000
00000000000000000000000000000000
00000000000000000000000000000000
00000000000000000000000000000000
00000000000000000000000000000000
00000000000000000000000000000000
00000000000000000000000000000000
00000000000000000000000000000000
00000000000000000000000000000000
00000000000000000000000000000000
00000000000000000000000000000000
00000000000000000000000000000000
00000000000000000000000000000000
00000000000000000000000000000000
00000000000000000000000000000000
00000000000000000000000000000000
00000000000000000000000000000000
00000000000000000000000000000000
00000000000000000000000000000000
00000000000000000000000000000000
00000000000000000000000000000000
00000000000000000000000000000000
00000000000000000000000000000000
00000000000000000000000000000000
00000000000000000000000000000000
00000000000000000000000000000000
00000000000000000000000000000000
00000000000000000000000000000000
00000000000000000000000000000000
00000000000000000000000000000000
00000000000000000000000000000000
00000000000000000000000000000000
00000000000000000000000000000000
00000000000000000000000000000000
00000000000000000000000000000000
00000000000000000000000000000000
00000000000000000000000000000000
00000000000000000000000000000000
00000000000000000000000000000000
00000000000000000000000000000000
00000000000000000000000000000000
00000000000000000000000000000000
00000000000000000000000000000000
00000000000000000000000000000000
00000000000000000000000000000000
00000000000000000000000000000000
00000000000000000000000000000000
00000000000000000000000000000000
00000000000000000000000000000000
00000000000000000000000000000000
00000000000000000000000000000000
00000000000000000000000000000000
00000000000000000000000000000000
00000000000000000000000000000000
00000000000000000000000000000000
00000000000000000000000000000000
00000000000000000000000000000000
00000000000000000000000000000000
00000000000000000000000000000000
00000000000000000000000000000000
00000000000000000000000000000000
00000000000000000000000000000000
00000000000000000000000000000000
00000000000000000000000000000000
00000000000000000000000000000000
00000000000000000000000000000000
00000000000000000000000000000000
00000000000000000000000000000000
00000000000000000000000000000000
00000000000000000000000000000000
00000000000000000000000000000000
00000000000000000000000000000000
00000000000000000000000000000000
00000000000000000000000000000000
00000000000000000000000000000000
00000000000000000000000000000000
00000000000000000000000000000000
00000000000000000000000000000000
00000000000000000000000000000000
00000000000000000000000000000000
00000000000000000000000000000000
00000000000000000000000000000000
00000000000000000000000000000000
00000000000000000000000000000000
00000000000000000000000000000000
00000000000000000000000000000000
00000000000000000000000000000000
00000000000000000000000000000000
00000000000000000000000000000000
00000000000000000000000000000000
00000000000000000000000000000000
00000000000000000000000000000000
00000000000000000000000000000000
00000000000000000000000000000000
00000000000000000000000000000000
00000000000000000000000000000000
00000000000000000000000000000000
00000000000000000000000000000000
00000000000000000000000000000000
00000000000000000000000000000000
00000000000000000000000000000000
00000000000000000000000000000000
00000000000000000000000000000000
00000000000000000000000000000000
00000000000000000000000000000000
00000000000000000000000000000000
00000000000000000000000000000000
00000000000000000000000000000000
00000000000000000000000000000000
00000000000000000000000000000000
00000000000000000000000000000000
00000000000000000000000000000000
00000000000000000000000000000000
00000000000000000000000000000000
00000000000000000000000000000000
00000000000000000000000000000000
00000000000000000000000000000000
00000000000000000000000000000000
00000000000000000000000000000000
00000000000000000000000000000000
00000000000000000000000000000000
00000000000000000000000000000000
00000000000000000000000000000000
00000000000000000000000000000000
00000000000000000000000000000000
00000000000000000000000000000000
00000000000000000000000000000000
00000000000000000000000000000000
00000000000000000000000000000000
00000000000000000000000000000000
00000000000000000000000000000000
00000000000000000000000000000000
00000000000000000000000000000000
00000000000000000000000000000000
00000000000000000000000000000000
00000000000000000000000000000000
00000000000000000000000000000000
00000000000000000000000000000000
00000000000000000000000000000000
00000000000000000000000000000000
00000000000000000000000000000000
00000000000000000000000000000000
00000000000000000000000000000000
00000000000000000000000000000000
00000000000000000000000000000000
00000000000000000000000000000000
00000000000000000000000000000000
00000000000000000000000000000000
00000000000000000000000000000000
00000000000000000000000000000000
00000000000000000000000000000000
00000000000000000000000000000000
00000000000000000000000000000000
00000000000000000000000000000000
00000000000000000000000000000000
00000000000000000000000000000000
00000000000000000000000000000000
00000000000000000000000000000000
00000000000000000000000000000000
00000000000000000000000000000000
00000000000000000000000000000000
00000000000000000000000000000000
00000000000000000000000000000000
00000000000000000000000000000000
00000000000000000000000000000000
00000000000000000000000000000000
00000000000000000000000000000000
00000000000000000000000000000000
00000000000000000000000000000000
00000000000000000000000000000000
00000000000000000000000000000000
00000000000000000000000000000000
00000000000000000000000000000000 // --- END OF CLUSTER (inputs/BIOS.cm)